https://www.geocaching.com/geocache/GC4WHGM_hackerz-nano

--- Lösung

Text QR-Code:
0011001100110101001101100011100000110110001100110011001100110011001100110011010100110010001100000011011001100011
0011011001100011001101110011010100110110011001010011001000110000001100110011000100110011001100110011011100110010
0011011000110100001100100011000000110011001101110011011001100010001101100110010100110111001101010011011100110000
0011001000110000001100110011010100110110001110000011011000110011001100110011001100110011001101010011001000110000
0011001100110001001100110011001100110111001101110011011101100001001100100011000000110110001101000011001100110100
0011011100110010001100110011011000110010001100000011001100110111001101100011100000110110001100110011001100110100
0011001000110000001101100110001100110110011000110011011100110101001101100110010100110010001100000011011001100011
0011011001100011001101110011010100110110011001010011001000110000001100110011011100110011001101010011001100110000
0011001000110000001100110011010100110110001110000011011000110011001100110011001100110011001101010011001000110000
0011011100110010001100110011001100110011001100010011011100110110001100100011000000110011001101110011011000111000
0011011000110011001100110011010000110010001100000011001100110111001101100110001000110110011001010011011100110101
0011011100110000001100100011000000110011001101110011011000111000001101100011001100110011001101000011001000110000
0011001100110001001100110011001100110111001101110011011101100001001100100011000000110110001101000011001100110100
0011011100110010001100110011011000110010001100000011011001100101001101110011010100110011001100110011011001100101
0011001000110000001101110011001000110011001100110011001100110001001101110011011000110010001100000011011000110100
001101110011001000110011001100000011011001100101

Size: 1728 = 216 * 8
