https://www.geocaching.com/geocache/GC610P0_nix-fur-logiker
N 52° 28.458 E 013° 35.943

01100010 01110001 11100001 11100011 11000110 00010000 00000001 11111001 11111100 00011100 
00000011 11110001 11111000 00000000 01111110 00111111 00001111 11100000 00111111 00001111 
11000111 11100011 11110001 10001000 00001111 00001110 11111001 11001111 11000011 11110000 
00111100 00011111 00001111 11000000 01010010 10001000 10010001 00010010 00000101 00010000 
00000001 00000000 00000100 00010100 00000000 00110001 00001000 00000000 01100000 00110000 
00001100 01100000 01100001 10001100 00000001 10000011 00000001 11001000 00011001 10011110 
00011001 01000000 11000011 00000000 01001010 00000001 10001100 11000000 01001010 10001000 
11100001 00010011 11000100 10010000 00000001 11111001 11111100 00011100 00000011 11110001 
11111000 00000000 01111110 00111111 00001111 11100000 01100001 10001111 11000001 10000011 
11100001 01101000 00011010 10000110 01111001 11000111 11000011 11110000 01010010 00000011 
00001111 11000000 01000110 10001000 10100001 00010010 00000100 01010010 00100000 00001001 
00000000 00000000 00000011 00000001 00001000 00111000 01100110 00110011 00001100 01100000 
01100001 10000000 11000001 10000011 00000001 00111001 01011100 10000110 00011000 00000000 
11000011 00110011 01100010 00001110 00001100 11000000 01000010 01110000 10010001 11100011 
11000100 00110011 11100001 11111001 11111100 00000000 00000011 11110001 11111000 00111000 
01111110 00111111 00001111 11100000 00111111 00001111 11000001 10000011 11110001 00011001 


Breite 10
Höhe 16

--- Lösung

01100010
00000011
11000111
00111100
00000001
00001100
00011001
11100001
11111000
11100001
00001111
00000000
01100001
11000011
11000100
01111110
